000001 nts.mmackenz.mds1gb0s5r0000.ConvAna.001201_00000000.stn      5.908  2025-04-03 22:19:52   2165    1201         1    1201      4335
000001 nts.mmackenz.mds1gb0s5r0000.ConvAna.001201_00000006.stn      5.215  2025-04-03 22:24:33   2272    1201         1    1201      4190
000001 nts.mmackenz.mds1gb0s5r0000.ConvAna.001201_00000010.stn      5.164  2025-04-03 22:30:59   1818    1201         1    1201      4287
000001 nts.mmackenz.mds1gb0s5r0000.ConvAna.001201_00000011.stn      5.902  2025-04-03 22:31:15   2309    1201         1    1201      4461
000001 nts.mmackenz.mds1gb0s5r0000.ConvAna.001201_00000015.stn      6.044  2025-04-03 22:33:26   2706    1201         1    1201      4293
000001 nts.mmackenz.mds1gb0s5r0000.ConvAna.001201_00000021.stn      6.617  2025-04-03 22:35:08   2554    1201         1    1201      4264
000001 nts.mmackenz.mds1gb0s5r0000.ConvAna.001201_00000028.stn      5.085  2025-04-03 22:38:30   1948    1201         1    1201      4193
000001 nts.mmackenz.mds1gb0s5r0000.ConvAna.001201_00000033.stn      4.777  2025-04-03 22:39:56   1781    1201         1    1201      4087
000001 nts.mmackenz.mds1gb0s5r0000.ConvAna.001201_00000034.stn      5.338  2025-04-03 22:41:07   2080    1201         1    1201      4040
000001 nts.mmackenz.mds1gb0s5r0000.ConvAna.001201_00000036.stn      5.832  2025-04-03 22:39:53   2210    1201         1    1201      4376
000001 nts.mmackenz.mds1gb0s5r0000.ConvAna.001201_00000038.stn      5.823  2025-04-03 22:40:53   2076    1201         1    1201      4365
000001 nts.mmackenz.mds1gb0s5r0000.ConvAna.001201_00000039.stn      5.950  2025-04-03 22:41:06   2316    1201         1    1201      4264
000001 nts.mmackenz.mds1gb0s5r0000.ConvAna.001201_00000040.stn      6.209  2025-04-03 22:43:36   2254    1201         1    1201      4336
000001 nts.mmackenz.mds1gb0s5r0000.ConvAna.001201_00000043.stn      5.542  2025-04-03 22:43:26   2117    1201         1    1201      4103
000001 nts.mmackenz.mds1gb0s5r0000.ConvAna.001201_00000047.stn      5.687  2025-04-03 22:44:56   2186    1201         1    1201      4525
000001 nts.mmackenz.mds1gb0s5r0000.ConvAna.001201_00000048.stn      5.590  2025-04-03 22:47:45   2146    1201         1    1201      4108
000001 nts.mmackenz.mds1gb0s5r0000.ConvAna.001201_00000017.stn      4.851  2025-04-03 22:33:20   1753    1201         2    1201      3903
000001 nts.mmackenz.mds1gb0s5r0000.ConvAna.001201_00000020.stn      5.046  2025-04-03 22:34:42   1814    1201         2    1201      4061
000001 nts.mmackenz.mds1gb0s5r0000.ConvAna.001201_00000023.stn      5.486  2025-04-03 22:35:41   2283    1201         2    1201      3988
000001 nts.mmackenz.mds1gb0s5r0000.ConvAna.001201_00000024.stn      5.125  2025-04-03 22:39:26   2028    1201         2    1201      4054
000001 nts.mmackenz.mds1gb0s5r0000.ConvAna.001201_00000030.stn      5.231  2025-04-03 22:39:55   1928    1201         2    1201      4204
000001 nts.mmackenz.mds1gb0s5r0000.ConvAna.001201_00000045.stn      5.279  2025-04-03 22:43:54   1889    1201         2    1201      4264
000001 nts.mmackenz.mds1gb0s5r0000.ConvAna.001201_00000013.stn      5.360  2025-04-03 22:29:27   2029    1201         3    1201      4065
000001 nts.mmackenz.mds1gb0s5r0000.ConvAna.001201_00000022.stn      5.944  2025-04-03 22:36:13   2139    1201         3    1201      4519
000001 nts.mmackenz.mds1gb0s5r0000.ConvAna.001201_00000026.stn      5.895  2025-04-03 22:39:06   2102    1201         3    1201      4292
000001 nts.mmackenz.mds1gb0s5r0000.ConvAna.001201_00000044.stn      5.668  2025-04-03 22:44:18   2142    1201         3    1201      4587
000001 nts.mmackenz.mds1gb0s5r0000.ConvAna.001201_00000046.stn      5.207  2025-04-03 22:45:38   2105    1201         3    1201      4324
000001 nts.mmackenz.mds1gb0s5r0000.ConvAna.001201_00000049.stn      5.946  2025-04-03 22:45:30   2141    1201         3    1201      4358
000001 nts.mmackenz.mds1gb0s5r0000.ConvAna.001201_00000007.stn      5.539  2025-04-03 22:26:57   2123    1201         4    1201      4263
000001 nts.mmackenz.mds1gb0s5r0000.ConvAna.001201_00000027.stn      5.817  2025-04-03 22:38:41   2407    1201         4    1201      4304
000001 nts.mmackenz.mds1gb0s5r0000.ConvAna.001201_00000008.stn      5.589  2025-04-03 22:28:10   1932    1201         5    1201      4059
000001 nts.mmackenz.mds1gb0s5r0000.ConvAna.001201_00000031.stn      6.089  2025-04-03 22:39:17   2217    1201         5    1201      4263
000001 nts.mmackenz.mds1gb0s5r0000.ConvAna.001201_00000002.stn      5.158  2025-04-03 22:21:11   1833    1201         7    1201      4020
