000001 nts.mmackenz.pbar1b2s5r0000.ConvAna.001202_00000000.stn    251.283  2025-04-12 06:49:35  17007    1202         1    1202     10000
000001 nts.mmackenz.pbar1b2s5r0000.ConvAna.001202_00000010.stn    248.154  2025-04-12 06:04:21  17222    1202         1    1202     10000
000001 nts.mmackenz.pbar1b2s5r0000.ConvAna.001202_00000020.stn    254.335  2025-04-12 04:39:53  17456    1202         1    1202     10000
000001 nts.mmackenz.pbar1b2s5r0000.ConvAna.001202_00000030.stn    257.167  2025-04-12 04:38:47  17289    1202         1    1202     10000
000001 nts.mmackenz.pbar1b2s5r0000.ConvAna.001202_00000040.stn    258.951  2025-04-12 04:36:01  17292    1202         1    1202     10000
000001 nts.mmackenz.pbar1b2s5r0000.ConvAna.001202_00000050.stn    254.898  2025-04-12 04:45:22  17414    1202         1    1202     10000
000001 nts.mmackenz.pbar1b2s5r0000.ConvAna.001202_00000060.stn    254.063  2025-04-12 06:53:01  17266    1202         1    1202     10000
000001 nts.mmackenz.pbar1b2s5r0000.ConvAna.001202_00000070.stn    252.483  2025-04-12 06:26:18  17145    1202         1    1202     10000
000001 nts.mmackenz.pbar1b2s5r0000.ConvAna.001202_00000080.stn    256.546  2025-04-12 04:50:42  17427    1202         1    1202      9999
000001 nts.mmackenz.pbar1b2s5r0000.ConvAna.001202_00000090.stn    251.487  2025-04-12 05:06:11  17229    1202         1    1202     10000
