000001 nts.mmackenz.rpce0b0s5r0000.ConvAna.001210_00000154.stn     21.476  2025-02-24 18:24:22  11059    1210        53    1210   6109614
000001 nts.mmackenz.rpce0b0s5r0000.ConvAna.001210_00000192.stn     34.318  2025-02-24 18:50:38  17270    1210        83    1210   6109966
000001 nts.mmackenz.rpce0b0s5r0000.ConvAna.001210_00000476.stn     25.904  2025-02-24 19:10:12  13228    1210       129    1210   6109884
000001 nts.mmackenz.rpce0b0s5r0000.ConvAna.001210_00000310.stn     24.437  2025-02-24 18:49:43  12504    1210       176    1210   6108257
000001 nts.mmackenz.rpce0b0s5r0000.ConvAna.001210_00000398.stn     21.277  2025-02-24 18:59:55  11064    1210       189    1210   6109741
000001 nts.mmackenz.rpce0b0s5r0000.ConvAna.001210_00000591.stn     28.225  2025-02-24 19:12:35  14351    1210       192    1210   6109709
000001 nts.mmackenz.rpce0b0s5r0000.ConvAna.001210_00000113.stn     21.193  2025-02-24 17:57:11  10824    1210       207    1210   6109411
000001 nts.mmackenz.rpce0b0s5r0000.ConvAna.001210_00000758.stn     22.741  2025-02-24 19:13:04  11745    1210       213    1210   6109746
000001 nts.mmackenz.rpce0b0s5r0000.ConvAna.001210_00000719.stn     21.802  2025-02-24 19:06:47  11333    1210       216    1210   6109852
000001 nts.mmackenz.rpce0b0s5r0000.ConvAna.001210_00000828.stn     15.320  2025-02-24 19:09:17   7802    1210       282    1210   6109038
000001 nts.mmackenz.rpce0b0s5r0000.ConvAna.001210_00000794.stn     35.295  2025-02-24 19:25:57  17925    1210       290    1210   6109942
000001 nts.mmackenz.rpce0b0s5r0000.ConvAna.001210_00000038.stn     24.997  2025-02-24 18:10:40  12809    1210       308    1210   6109789
000001 nts.mmackenz.rpce0b0s5r0000.ConvAna.001210_00000513.stn     23.363  2025-02-24 19:06:13  11949    1210       328    1210   6109759
000001 nts.mmackenz.rpce0b0s5r0000.ConvAna.001210_00000436.stn     29.357  2025-02-24 19:04:25  15049    1210       422    1210   6109840
000001 nts.mmackenz.rpce0b0s5r0000.ConvAna.001210_00000000.stn     25.875  2025-02-24 18:11:03  13190    1210       492    1210   6109837
000001 nts.mmackenz.rpce0b0s5r0000.ConvAna.001210_00000230.stn     26.049  2025-02-24 18:44:23  13451    1210       552    1210   6109763
000002 nts.mmackenz.rpce0b0s5r0000.ConvAna.001210_00000627.stn     32.526  2025-02-24 19:17:09  16443    1210       747    1210   6109090
000002 nts.mmackenz.rpce0b0s5r0000.ConvAna.001210_00000269.stn      9.365  2025-02-24 18:28:11   5042    1210       809    1210   6108597
000002 nts.mmackenz.rpce0b0s5r0000.ConvAna.001210_00000075.stn     27.768  2025-02-24 18:12:45  14121    1210       975    1210   6109977
000002 nts.mmackenz.rpce0b0s5r0000.ConvAna.001210_00000672.stn     29.818  2025-02-24 19:13:44  15200    1210      1073    1210   6109458
000002 nts.mmackenz.rpce0b0s5r0000.ConvAna.001210_00000555.stn     23.657  2025-02-24 19:17:06  12247    1210      1509    1210   6109740
000002 nts.mmackenz.rpce0b0s5r0000.ConvAna.001210_00000356.stn     23.039  2025-02-24 18:53:25  11878    1210      1520    1210   6109018
