000001 nts.mmackenz.fmum0b1s5r0001.ConvAna.001202_00000001.stn    103.800  2025-10-12 20:58:57  39282    1202         1    1202     15000
000001 nts.mmackenz.fmum0b1s5r0001.ConvAna.001202_00000022.stn    103.988  2025-10-12 20:58:50  39410    1202         1    1202     15000
000001 nts.mmackenz.fmum0b1s5r0001.ConvAna.001202_00000057.stn    103.823  2025-10-12 21:35:49  39530    1202         1    1202     15000
000001 nts.mmackenz.fmum0b1s5r0001.ConvAna.001202_00000085.stn    103.987  2025-10-12 21:36:02  39510    1202         1    1202     15000
000001 nts.mmackenz.fmum0b1s5r0001.ConvAna.001202_00000102.stn    103.730  2025-10-12 21:27:29  39420    1202         1    1202     15000
000001 nts.mmackenz.fmum0b1s5r0001.ConvAna.001202_00000123.stn    103.342  2025-10-12 23:52:32  39257    1202         1    1202     15000
000002 nts.mmackenz.fmum0b1s5r0001.ConvAna.001202_00000148.stn    103.681  2025-10-12 23:13:36  39303    1202         1    1202     15000
000002 nts.mmackenz.fmum0b1s5r0001.ConvAna.001202_00000165.stn    103.107  2025-10-12 21:43:41  38920    1202         1    1202     15000
000002 nts.mmackenz.fmum0b1s5r0001.ConvAna.001202_00000181.stn    103.354  2025-10-12 23:29:07  39225    1202         1    1202     15000
000002 nts.mmackenz.fmum0b1s5r0001.ConvAna.001202_00000201.stn    103.964  2025-10-12 21:42:16  39463    1202         1    1202     15000
000002 nts.mmackenz.fmum0b1s5r0001.ConvAna.001202_00000218.stn    104.345  2025-10-12 22:09:22  39572    1202         1    1202     15000
000002 nts.mmackenz.fmum0b1s5r0001.ConvAna.001202_00000235.stn    105.290  2025-10-12 21:54:07  39818    1202         1    1202     15000
000003 nts.mmackenz.fmum0b1s5r0001.ConvAna.001202_00000262.stn    103.724  2025-10-12 21:45:33  39424    1202         1    1202     15000
000003 nts.mmackenz.fmum0b1s5r0001.ConvAna.001202_00000284.stn    103.715  2025-10-12 21:59:20  39452    1202         1    1202     15000
000003 nts.mmackenz.fmum0b1s5r0001.ConvAna.001202_00000305.stn    104.111  2025-10-12 23:08:22  39681    1202         1    1202     15000
000003 nts.mmackenz.fmum0b1s5r0001.ConvAna.001202_00000325.stn    104.566  2025-10-12 22:34:16  39803    1202         1    1202     15000
000003 nts.mmackenz.fmum0b1s5r0001.ConvAna.001202_00000340.stn    103.739  2025-10-12 23:39:13  39262    1202         1    1202     15000
000003 nts.mmackenz.fmum0b1s5r0001.ConvAna.001202_00000355.stn    104.169  2025-10-12 22:30:39  39470    1202         1    1202     15000
000004 nts.mmackenz.fmum0b1s5r0001.ConvAna.001202_00000382.stn    104.817  2025-10-12 22:37:03  39764    1202         1    1202     15000
000004 nts.mmackenz.fmum0b1s5r0001.ConvAna.001202_00000412.stn    103.344  2025-10-12 22:27:12  39285    1202         1    1202     15000
000004 nts.mmackenz.fmum0b1s5r0001.ConvAna.001202_00000435.stn    103.272  2025-10-12 23:01:05  39224    1202         1    1202     15000
000004 nts.mmackenz.fmum0b1s5r0001.ConvAna.001202_00000459.stn    104.847  2025-10-13 02:53:26  39650    1202         1    1202     15000
000004 nts.mmackenz.fmum0b1s5r0001.ConvAna.001202_00000482.stn     73.650  2025-10-12 20:45:00  27718    1202         1    1202     15000
