000001 nts.mmackenz.pbar1b0s5r0002.ConvAna.001202_00000000.stn     18.129  2025-08-24 00:34:14   8747    1202         1    1202     10000
000001 nts.mmackenz.pbar1b0s5r0002.ConvAna.001202_00000010.stn     18.228  2025-08-24 01:17:08   8895    1202         1    1202      9999
000001 nts.mmackenz.pbar1b0s5r0002.ConvAna.001202_00000025.stn     18.363  2025-08-24 01:04:46   8945    1202         1    1202     10000
000001 nts.mmackenz.pbar1b0s5r0002.ConvAna.001202_00000035.stn     18.402  2025-08-24 01:04:30   8943    1202         1    1202      9999
000001 nts.mmackenz.pbar1b0s5r0002.ConvAna.001202_00000040.stn     18.506  2025-08-24 01:06:33   8912    1202         1    1202     10000
000001 nts.mmackenz.pbar1b0s5r0002.ConvAna.001202_00000045.stn     18.334  2025-08-24 01:12:07   8909    1202         1    1202      9999
000001 nts.mmackenz.pbar1b0s5r0002.ConvAna.001202_00000050.stn     18.372  2025-08-24 01:08:19   8871    1202         1    1202      9998
000001 nts.mmackenz.pbar1b0s5r0002.ConvAna.001202_00000055.stn     18.794  2025-08-24 01:04:15   9121    1202         1    1202     10000
000001 nts.mmackenz.pbar1b0s5r0002.ConvAna.001202_00000060.stn     18.453  2025-08-24 01:36:14   9018    1202         1    1202     10000
000001 nts.mmackenz.pbar1b0s5r0002.ConvAna.001202_00000065.stn     18.002  2025-08-24 01:31:52   8740    1202         1    1202     10000
000001 nts.mmackenz.pbar1b0s5r0002.ConvAna.001202_00000070.stn     18.318  2025-08-24 01:44:08   8896    1202         1    1202     10000
000001 nts.mmackenz.pbar1b0s5r0002.ConvAna.001202_00000080.stn     18.669  2025-08-24 01:44:53   9073    1202         1    1202      9999
000001 nts.mmackenz.pbar1b0s5r0002.ConvAna.001202_00000085.stn     18.547  2025-08-24 01:39:17   9016    1202         1    1202     10000
000001 nts.mmackenz.pbar1b0s5r0002.ConvAna.001202_00000090.stn     18.221  2025-08-24 01:42:49   8935    1202         1    1202      9999
000001 nts.mmackenz.pbar1b0s5r0002.ConvAna.001202_00000005.stn     18.202  2025-08-24 00:43:33   8851    1202         2    1202     10000
000001 nts.mmackenz.pbar1b0s5r0002.ConvAna.001202_00000015.stn     18.132  2025-08-24 00:54:33   8830    1202         2    1202     10000
000001 nts.mmackenz.pbar1b0s5r0002.ConvAna.001202_00000030.stn     18.247  2025-08-24 01:06:45   8900    1202         2    1202     10000
000001 nts.mmackenz.pbar1b0s5r0002.ConvAna.001202_00000020.stn     18.721  2025-08-24 01:05:17   9062    1202         3    1202     10000
000001 nts.mmackenz.pbar1b0s5r0002.ConvAna.001202_00000075.stn     18.057  2025-08-24 01:45:56   8784    1202         3    1202     10000
000001 nts.mmackenz.pbar1b0s5r0002.ConvAna.001202_00000095.stn     18.248  2025-08-24 01:34:17   8841    1202         3    1202     10000
