000001 nts.mmackenz.cpos1b1s5r0001.ConvAna.001202_00000003.stn     80.766  2025-08-23 21:44:56  26499    1202         1    1202      5000
000001 nts.mmackenz.cpos1b1s5r0001.ConvAna.001202_00000036.stn     80.817  2025-08-24 01:28:29  26610    1202         1    1202      5000
000001 nts.mmackenz.cpos1b1s5r0001.ConvAna.001202_00000100.stn     81.020  2025-08-23 20:16:03  26691    1202         1    1202      5000
000001 nts.mmackenz.cpos1b1s5r0001.ConvAna.001202_00000165.stn     80.381  2025-08-23 20:51:57  26405    1202         1    1202      5000
000001 nts.mmackenz.cpos1b1s5r0001.ConvAna.001202_00000238.stn     80.449  2025-08-23 20:11:24  26523    1202         1    1202      5000
000001 nts.mmackenz.cpos1b1s5r0001.ConvAna.001202_00000320.stn     81.071  2025-08-23 20:45:22  26640    1202         1    1202      5000
000001 nts.mmackenz.cpos1b1s5r0001.ConvAna.001202_00000393.stn     79.747  2025-08-23 23:49:10  26424    1202         1    1202      5000
000001 nts.mmackenz.cpos1b1s5r0001.ConvAna.001202_00000453.stn     80.126  2025-08-23 22:08:47  26377    1202         1    1202      5000
000002 nts.mmackenz.cpos1b1s5r0001.ConvAna.001202_00000517.stn     80.782  2025-08-23 20:15:23  26495    1202         1    1202      5000
000002 nts.mmackenz.cpos1b1s5r0001.ConvAna.001202_00000570.stn     81.042  2025-08-23 20:32:08  26566    1202         1    1202      5000
000002 nts.mmackenz.cpos1b1s5r0001.ConvAna.001202_00000594.stn     80.621  2025-08-23 20:55:55  26545    1202         1    1202      5000
000002 nts.mmackenz.cpos1b1s5r0001.ConvAna.001202_00000624.stn     80.810  2025-08-23 21:17:07  26507    1202         1    1202      5000
000002 nts.mmackenz.cpos1b1s5r0001.ConvAna.001202_00000655.stn     80.429  2025-08-23 21:58:05  26442    1202         1    1202      5000
000002 nts.mmackenz.cpos1b1s5r0001.ConvAna.001202_00000684.stn     81.846  2025-08-24 00:24:24  26886    1202         1    1202      5000
000002 nts.mmackenz.cpos1b1s5r0001.ConvAna.001202_00000723.stn     79.838  2025-08-23 21:58:19  26316    1202         1    1202      5000
000002 nts.mmackenz.cpos1b1s5r0001.ConvAna.001202_00000760.stn     80.486  2025-08-23 21:20:27  26507    1202         1    1202      5000
000003 nts.mmackenz.cpos1b1s5r0001.ConvAna.001202_00000788.stn     81.449  2025-08-23 21:50:30  26752    1202         1    1202      5000
000003 nts.mmackenz.cpos1b1s5r0001.ConvAna.001202_00000820.stn     80.642  2025-08-24 01:37:51  26589    1202         1    1202      5000
000003 nts.mmackenz.cpos1b1s5r0001.ConvAna.001202_00000853.stn     80.766  2025-08-23 21:26:37  26502    1202         1    1202      5000
000003 nts.mmackenz.cpos1b1s5r0001.ConvAna.001202_00000882.stn     80.552  2025-08-23 21:55:43  26515    1202         1    1202      5000
000003 nts.mmackenz.cpos1b1s5r0001.ConvAna.001202_00000909.stn     80.508  2025-08-23 22:08:26  26560    1202         1    1202      5000
000003 nts.mmackenz.cpos1b1s5r0001.ConvAna.001202_00000941.stn     80.779  2025-08-23 21:34:27  26488    1202         1    1202      5000
000003 nts.mmackenz.cpos1b1s5r0001.ConvAna.001202_00000976.stn     80.396  2025-08-23 22:16:41  26512    1202         1    1202      5000
000003 nts.mmackenz.cpos1b1s5r0001.ConvAna.001202_00001011.stn     80.726  2025-08-24 06:56:06  26617    1202         1    1202      5000
000004 nts.mmackenz.cpos1b1s5r0001.ConvAna.001202_00001051.stn     81.080  2025-08-24 00:22:05  26637    1202         1    1202      5000
000004 nts.mmackenz.cpos1b1s5r0001.ConvAna.001202_00001082.stn     80.725  2025-08-24 01:16:26  26475    1202         1    1202      5000
000004 nts.mmackenz.cpos1b1s5r0001.ConvAna.001202_00001119.stn     81.413  2025-08-24 00:40:05  26749    1202         1    1202      5000
000004 nts.mmackenz.cpos1b1s5r0001.ConvAna.001202_00001158.stn     81.377  2025-08-24 03:31:45  26649    1202         1    1202      5000
000004 nts.mmackenz.cpos1b1s5r0001.ConvAna.001202_00001202.stn     80.920  2025-08-24 02:08:22  26737    1202         1    1202      5000
000004 nts.mmackenz.cpos1b1s5r0001.ConvAna.001202_00001239.stn     80.800  2025-08-24 02:01:46  26606    1202         1    1202      5000
000004 nts.mmackenz.cpos1b1s5r0001.ConvAna.001202_00001279.stn     80.832  2025-08-24 01:32:17  26538    1202         1    1202      5000
000004 nts.mmackenz.cpos1b1s5r0001.ConvAna.001202_00001329.stn     81.028  2025-08-24 02:44:27  26632    1202         1    1202      5000
000005 nts.mmackenz.cpos1b1s5r0001.ConvAna.001202_00001370.stn     80.637  2025-08-24 01:54:55  26490    1202         1    1202      5000
000005 nts.mmackenz.cpos1b1s5r0001.ConvAna.001202_00001405.stn     80.988  2025-08-24 04:01:02  26699    1202         1    1202      5000
000005 nts.mmackenz.cpos1b1s5r0001.ConvAna.001202_00001459.stn     80.922  2025-08-24 01:52:11  26608    1202         1    1202      5000
000005 nts.mmackenz.cpos1b1s5r0001.ConvAna.001202_00001526.stn     80.723  2025-08-24 01:43:03  26530    1202         1    1202      5000
000005 nts.mmackenz.cpos1b1s5r0001.ConvAna.001202_00001584.stn     80.501  2025-08-24 03:21:40  26475    1202         1    1202      5000
000005 nts.mmackenz.cpos1b1s5r0001.ConvAna.001202_00001658.stn     80.593  2025-08-24 03:32:45  26543    1202         1    1202      5000
000005 nts.mmackenz.cpos1b1s5r0001.ConvAna.001202_00001723.stn     81.164  2025-08-24 03:07:30  26637    1202         1    1202      5000
000005 nts.mmackenz.cpos1b1s5r0001.ConvAna.001202_00001846.stn     81.206  2025-08-24 07:06:03  26689    1202         1    1202      5000
000006 nts.mmackenz.cpos1b1s5r0001.ConvAna.001202_00001922.stn     80.149  2025-08-24 06:53:52  26449    1202         1    1202      5000
