000001 nts.mmackenz.pbar1b2s5r0002.ConvAna.001202_00000000.stn     28.668  2025-08-17 22:18:16   8462    1202         1    1202     10000
000001 nts.mmackenz.pbar1b2s5r0002.ConvAna.001202_00000010.stn     29.004  2025-08-17 22:51:37   8632    1202         1    1202      9999
000001 nts.mmackenz.pbar1b2s5r0002.ConvAna.001202_00000025.stn     28.980  2025-08-17 23:41:01   8671    1202         1    1202     10000
000001 nts.mmackenz.pbar1b2s5r0002.ConvAna.001202_00000035.stn     29.335  2025-08-17 22:55:17   8643    1202         1    1202      9999
000001 nts.mmackenz.pbar1b2s5r0002.ConvAna.001202_00000040.stn     29.616  2025-08-17 23:31:29   8636    1202         1    1202     10000
000001 nts.mmackenz.pbar1b2s5r0002.ConvAna.001202_00000045.stn     29.515  2025-08-17 23:32:00   8656    1202         1    1202      9999
000001 nts.mmackenz.pbar1b2s5r0002.ConvAna.001202_00000050.stn     29.176  2025-08-17 22:13:55   8618    1202         1    1202      9998
000001 nts.mmackenz.pbar1b2s5r0002.ConvAna.001202_00000055.stn     29.928  2025-08-17 22:22:55   8796    1202         1    1202     10000
000001 nts.mmackenz.pbar1b2s5r0002.ConvAna.001202_00000060.stn     29.801  2025-08-17 23:33:25   8780    1202         1    1202     10000
000001 nts.mmackenz.pbar1b2s5r0002.ConvAna.001202_00000065.stn     28.641  2025-08-18 01:44:29   8486    1202         1    1202     10000
000001 nts.mmackenz.pbar1b2s5r0002.ConvAna.001202_00000070.stn     29.308  2025-08-17 22:23:34   8634    1202         1    1202     10000
000001 nts.mmackenz.pbar1b2s5r0002.ConvAna.001202_00000080.stn     29.558  2025-08-17 23:36:59   8731    1202         1    1202      9999
000001 nts.mmackenz.pbar1b2s5r0002.ConvAna.001202_00000085.stn     29.556  2025-08-18 01:29:12   8696    1202         1    1202      9999
000001 nts.mmackenz.pbar1b2s5r0002.ConvAna.001202_00000090.stn     29.054  2025-08-17 23:22:08   8659    1202         1    1202      9999
000001 nts.mmackenz.pbar1b2s5r0002.ConvAna.001202_00000005.stn     29.071  2025-08-17 22:51:13   8545    1202         2    1202     10000
000001 nts.mmackenz.pbar1b2s5r0002.ConvAna.001202_00000015.stn     28.961  2025-08-17 22:33:26   8590    1202         2    1202     10000
000001 nts.mmackenz.pbar1b2s5r0002.ConvAna.001202_00000030.stn     29.242  2025-08-17 22:45:00   8646    1202         2    1202     10000
000001 nts.mmackenz.pbar1b2s5r0002.ConvAna.001202_00000020.stn     29.585  2025-08-17 22:09:46   8785    1202         3    1202     10000
000001 nts.mmackenz.pbar1b2s5r0002.ConvAna.001202_00000075.stn     28.774  2025-08-17 23:24:09   8511    1202         3    1202     10000
000001 nts.mmackenz.pbar1b2s5r0002.ConvAna.001202_00000095.stn     28.926  2025-08-17 22:34:27   8570    1202         3    1202     10000
