000001 nts.mmackenz.ipad0b0s5r0001.ConvAna.001202_00000000.stn      8.452  2025-08-09 23:25:09   6390    1202         1    1202      5000
000001 nts.mmackenz.ipad0b0s5r0001.ConvAna.001202_00000050.stn      8.380  2025-08-09 23:24:51   6293    1202         1    1202      5000
000001 nts.mmackenz.ipad0b0s5r0001.ConvAna.001202_00000250.stn      8.409  2025-08-09 23:34:54   6369    1202         1    1202      5000
000001 nts.mmackenz.ipad0b0s5r0001.ConvAna.001202_00000300.stn      8.346  2025-08-09 23:34:45   6285    1202         1    1202      5000
000001 nts.mmackenz.ipad0b0s5r0001.ConvAna.001202_00000350.stn      8.403  2025-08-09 23:35:38   6393    1202         1    1202      4998
000001 nts.mmackenz.ipad0b0s5r0001.ConvAna.001202_00000500.stn      8.284  2025-08-10 00:33:22   6258    1202         1    1202      5000
000001 nts.mmackenz.ipad0b0s5r0001.ConvAna.001202_00000600.stn      8.271  2025-08-09 23:57:35   6209    1202         1    1202      4999
000001 nts.mmackenz.ipad0b0s5r0001.ConvAna.001202_00000700.stn      8.415  2025-08-09 23:44:39   6330    1202         1    1202      4999
000001 nts.mmackenz.ipad0b0s5r0001.ConvAna.001202_00000800.stn      8.343  2025-08-10 00:20:52   6326    1202         1    1202      5000
000001 nts.mmackenz.ipad0b0s5r0001.ConvAna.001202_00000950.stn      8.445  2025-08-09 23:50:34   6367    1202         1    1202      5000
000001 nts.mmackenz.ipad0b0s5r0001.ConvAna.001202_00001000.stn      8.528  2025-08-10 00:07:07   6455    1202         1    1202      5000
000001 nts.mmackenz.ipad0b0s5r0001.ConvAna.001202_00001050.stn      8.341  2025-08-09 23:58:52   6288    1202         1    1202      5000
000001 nts.mmackenz.ipad0b0s5r0001.ConvAna.001202_00001100.stn      8.482  2025-08-10 00:02:04   6354    1202         1    1202      4999
000001 nts.mmackenz.ipad0b0s5r0001.ConvAna.001202_00001150.stn      8.244  2025-08-10 00:02:32   6270    1202         1    1202      4999
000001 nts.mmackenz.ipad0b0s5r0001.ConvAna.001202_00001200.stn      8.366  2025-08-10 00:02:48   6290    1202         1    1202      4999
000001 nts.mmackenz.ipad0b0s5r0001.ConvAna.001202_00001250.stn      8.380  2025-08-09 23:51:00   6295    1202         1    1202      5000
000001 nts.mmackenz.ipad0b0s5r0001.ConvAna.001202_00001300.stn      8.640  2025-08-10 00:05:34   6526    1202         1    1202      4999
000001 nts.mmackenz.ipad0b0s5r0001.ConvAna.001202_00001350.stn      8.468  2025-08-10 00:05:16   6430    1202         1    1202      5000
000001 nts.mmackenz.ipad0b0s5r0001.ConvAna.001202_00001400.stn      8.456  2025-08-10 00:24:02   6355    1202         1    1202      5000
000001 nts.mmackenz.ipad0b0s5r0001.ConvAna.001202_00001450.stn      8.458  2025-08-10 00:15:00   6397    1202         1    1202      5000
000001 nts.mmackenz.ipad0b0s5r0001.ConvAna.001202_00001600.stn      8.494  2025-08-10 00:43:50   6428    1202         1    1202      5000
000001 nts.mmackenz.ipad0b0s5r0001.ConvAna.001202_00001650.stn      8.332  2025-08-10 00:13:38   6265    1202         1    1202      5000
000001 nts.mmackenz.ipad0b0s5r0001.ConvAna.001202_00001700.stn      8.443  2025-08-10 00:03:55   6370    1202         1    1202      5000
000001 nts.mmackenz.ipad0b0s5r0001.ConvAna.001202_00001750.stn      8.435  2025-08-10 00:29:42   6359    1202         1    1202      4998
000001 nts.mmackenz.ipad0b0s5r0001.ConvAna.001202_00001800.stn      8.555  2025-08-10 00:25:08   6444    1202         1    1202      5000
000001 nts.mmackenz.ipad0b0s5r0001.ConvAna.001202_00001850.stn      8.587  2025-08-10 00:07:46   6468    1202         1    1202      5000
000001 nts.mmackenz.ipad0b0s5r0001.ConvAna.001202_00001950.stn      8.530  2025-08-10 00:12:03   6387    1202         1    1202      5000
000001 nts.mmackenz.ipad0b0s5r0001.ConvAna.001202_00000100.stn      8.579  2025-08-09 23:25:04   6438    1202         2    1202      5000
000001 nts.mmackenz.ipad0b0s5r0001.ConvAna.001202_00000200.stn      8.458  2025-08-09 23:52:58   6380    1202         2    1202      5000
000001 nts.mmackenz.ipad0b0s5r0001.ConvAna.001202_00000400.stn      8.461  2025-08-09 23:56:39   6382    1202         2    1202      5000
000001 nts.mmackenz.ipad0b0s5r0001.ConvAna.001202_00000550.stn      8.321  2025-08-09 23:40:16   6299    1202         2    1202      5000
000001 nts.mmackenz.ipad0b0s5r0001.ConvAna.001202_00000650.stn      8.403  2025-08-09 23:44:28   6329    1202         2    1202      5000
000002 nts.mmackenz.ipad0b0s5r0001.ConvAna.001202_00000750.stn      8.598  2025-08-09 23:44:38   6454    1202         2    1202      4998
000002 nts.mmackenz.ipad0b0s5r0001.ConvAna.001202_00000850.stn      8.474  2025-08-09 23:45:37   6452    1202         2    1202      5000
000002 nts.mmackenz.ipad0b0s5r0001.ConvAna.001202_00000900.stn      8.559  2025-08-09 23:44:26   6449    1202         2    1202      4998
000002 nts.mmackenz.ipad0b0s5r0001.ConvAna.001202_00001500.stn      8.405  2025-08-10 00:01:56   6318    1202         2    1202      5000
000002 nts.mmackenz.ipad0b0s5r0001.ConvAna.001202_00001900.stn      8.531  2025-08-10 00:13:46   6399    1202         2    1202      5000
000002 nts.mmackenz.ipad0b0s5r0001.ConvAna.001202_00000450.stn      8.315  2025-08-09 23:59:25   6275    1202         3    1202      5000
000002 nts.mmackenz.ipad0b0s5r0001.ConvAna.001202_00001550.stn      8.470  2025-08-09 23:58:32   6423    1202         3    1202      4999
000002 nts.mmackenz.ipad0b0s5r0001.ConvAna.001202_00000150.stn      1.525  2025-08-09 23:53:38   1152    1202         4    1202      5000
