000001 nts.mmackenz.rmce0b0s5r0000.ConvAna.001202_00001719.stn     20.813  2025-05-01 01:56:10  10072    1202         1    1202    499986
000001 nts.mmackenz.rmce0b0s5r0000.ConvAna.001202_00001391.stn     20.429  2025-05-01 01:34:40   9873    1202         2    1202    499957
000001 nts.mmackenz.rmce0b0s5r0000.ConvAna.001202_00003191.stn     20.857  2025-05-01 02:01:05  10106    1202         2    1202    499867
000001 nts.mmackenz.rmce0b0s5r0000.ConvAna.001202_00004614.stn     20.860  2025-05-01 01:52:20  10064    1202         3    1202    499939
000001 nts.mmackenz.rmce0b0s5r0000.ConvAna.001202_00005377.stn     21.007  2025-05-01 01:54:35  10131    1202         4    1202    499980
000001 nts.mmackenz.rmce0b0s5r0000.ConvAna.001202_00003495.stn     21.071  2025-05-01 01:53:20  10120    1202         6    1202    499985
000001 nts.mmackenz.rmce0b0s5r0000.ConvAna.001202_00004153.stn     20.625  2025-05-01 01:43:47   9989    1202         6    1202    499999
000001 nts.mmackenz.rmce0b0s5r0000.ConvAna.001202_00003056.stn     21.092  2025-05-01 02:07:29  10179    1202         7    1202    499933
000001 nts.mmackenz.rmce0b0s5r0000.ConvAna.001202_00000123.stn     21.005  2025-05-01 00:47:18  10085    1202         9    1202    499732
000001 nts.mmackenz.rmce0b0s5r0000.ConvAna.001202_00001561.stn     20.959  2025-05-01 01:46:05  10134    1202        11    1202    499999
000001 nts.mmackenz.rmce0b0s5r0000.ConvAna.001202_00000264.stn     20.985  2025-05-01 01:14:09  10123    1202        12    1202    499946
000001 nts.mmackenz.rmce0b0s5r0000.ConvAna.001202_00000474.stn     20.673  2025-05-01 01:21:19   9998    1202        13    1202    499970
000001 nts.mmackenz.rmce0b0s5r0000.ConvAna.001202_00000717.stn     21.022  2025-05-01 01:04:57  10180    1202        14    1202    499993
000001 nts.mmackenz.rmce0b0s5r0000.ConvAna.001202_00000834.stn     21.070  2025-05-01 01:24:31  10193    1202        16    1202    499986
000001 nts.mmackenz.rmce0b0s5r0000.ConvAna.001202_00001158.stn     20.689  2025-05-01 01:33:06  10043    1202        16    1202    499994
000001 nts.mmackenz.rmce0b0s5r0000.ConvAna.001202_00002805.stn     20.705  2025-05-01 01:38:51   9987    1202        17    1202    499978
000001 nts.mmackenz.rmce0b0s5r0000.ConvAna.001202_00003795.stn     20.758  2025-05-01 02:27:28  10049    1202        20    1202    499899
000001 nts.mmackenz.rmce0b0s5r0000.ConvAna.001202_00002598.stn     20.372  2025-05-01 01:57:16   9807    1202        21    1202    499955
000001 nts.mmackenz.rmce0b0s5r0000.ConvAna.001202_00000898.stn     20.680  2025-05-01 01:22:55  10003    1202        22    1202    499931
000001 nts.mmackenz.rmce0b0s5r0000.ConvAna.001202_00001986.stn     20.968  2025-05-01 01:38:34  10098    1202        22    1202    499997
000002 nts.mmackenz.rmce0b0s5r0000.ConvAna.001202_00002939.stn     20.722  2025-05-01 01:25:36  10036    1202        22    1202    499985
000002 nts.mmackenz.rmce0b0s5r0000.ConvAna.001202_00000546.stn     21.079  2025-05-01 01:07:40  10152    1202        28    1202    499966
000002 nts.mmackenz.rmce0b0s5r0000.ConvAna.001202_00000029.stn     20.819  2025-05-01 00:34:31  10068    1202        30    1202    499964
000002 nts.mmackenz.rmce0b0s5r0000.ConvAna.001202_00002114.stn     20.990  2025-05-01 01:28:24  10145    1202        30    1202    499963
000002 nts.mmackenz.rmce0b0s5r0000.ConvAna.001202_00003937.stn     20.843  2025-05-01 02:03:41  10050    1202        40    1202    499972
000002 nts.mmackenz.rmce0b0s5r0000.ConvAna.001202_00003709.stn     21.010  2025-05-01 01:51:54  10127    1202        45    1202    499904
000002 nts.mmackenz.rmce0b0s5r0000.ConvAna.001202_00000072.stn     21.188  2025-05-01 00:38:24  10185    1202        46    1202    499893
000002 nts.mmackenz.rmce0b0s5r0000.ConvAna.001202_00000402.stn     21.104  2025-05-01 01:26:39  10145    1202        52    1202    499967
000002 nts.mmackenz.rmce0b0s5r0000.ConvAna.001202_00000186.stn     21.106  2025-05-01 00:47:46  10175    1202        59    1202    499975
000002 nts.mmackenz.rmce0b0s5r0000.ConvAna.001202_00002356.stn     21.082  2025-05-01 01:59:20  10158    1202        60    1202    499954
000002 nts.mmackenz.rmce0b0s5r0000.ConvAna.001202_00003418.stn     20.674  2025-05-01 02:17:53   9974    1202        71    1202    499994
000002 nts.mmackenz.rmce0b0s5r0000.ConvAna.001202_00001082.stn     20.771  2025-05-01 01:48:03   9997    1202        80    1202    499894
000002 nts.mmackenz.rmce0b0s5r0000.ConvAna.001202_00000000.stn     20.976  2025-04-30 23:50:26  10097    1202        92    1202    499920
000002 nts.mmackenz.rmce0b0s5r0000.ConvAna.001202_00003333.stn     20.641  2025-05-01 02:26:43   9935    1202        94    1202    499994
000002 nts.mmackenz.rmce0b0s5r0000.ConvAna.001202_00003596.stn     20.845  2025-05-01 01:45:33  10084    1202       103    1202    499889
000002 nts.mmackenz.rmce0b0s5r0000.ConvAna.001202_00001848.stn     20.983  2025-05-01 01:29:40  10123    1202       113    1202    499775
000002 nts.mmackenz.rmce0b0s5r0000.ConvAna.001202_00000978.stn     20.807  2025-05-01 01:38:51  10079    1202       125    1202    499986
000002 nts.mmackenz.rmce0b0s5r0000.ConvAna.001202_00000604.stn     21.026  2025-05-01 01:37:43  10130    1202       141    1202    499930
000002 nts.mmackenz.rmce0b0s5r0000.ConvAna.001202_00000323.stn     21.032  2025-05-01 01:24:16  10132    1202       213    1202    499995
000002 nts.mmackenz.rmce0b0s5r0000.ConvAna.001202_00001285.stn     20.698  2025-05-01 01:32:54   9981    1202       312    1202    499989
