000001 nts.mmackenz.rpci0b0s5r0000.ConvAna.001210_00000560.stn     37.132  2025-02-24 19:30:51  19647    1210         1    1210     41999
000001 nts.mmackenz.rpci0b0s5r0000.ConvAna.001210_00000610.stn     33.016  2025-02-24 19:27:23  17372    1210         1    1210     41998
000001 nts.mmackenz.rpci0b0s5r0000.ConvAna.001210_00000660.stn     31.718  2025-02-24 19:26:59  16780    1210         1    1210     41993
000001 nts.mmackenz.rpci0b0s5r0000.ConvAna.001210_00000711.stn     17.588  2025-02-24 19:22:22   9246    1210         1    1210     41998
000001 nts.mmackenz.rpci0b0s5r0000.ConvAna.001210_00000812.stn     38.095  2025-02-24 19:34:07  20014    1210         1    1210     41999
000001 nts.mmackenz.rpci0b0s5r0000.ConvAna.001210_00000052.stn     27.565  2025-02-24 18:20:46  14539    1210         2    1210     41999
000001 nts.mmackenz.rpci0b0s5r0000.ConvAna.001210_00000357.stn     26.526  2025-02-24 19:11:10  13963    1210         2    1210     42000
000001 nts.mmackenz.rpci0b0s5r0000.ConvAna.001210_00000407.stn     35.528  2025-02-24 19:18:09  18852    1210         2    1210     42000
000001 nts.mmackenz.rpci0b0s5r0000.ConvAna.001210_00000000.stn     32.959  2025-02-24 18:03:38  17360    1210         3    1210     41998
000001 nts.mmackenz.rpci0b0s5r0000.ConvAna.001210_00000205.stn     32.172  2025-02-24 19:08:27  16895    1210         3    1210     41999
000001 nts.mmackenz.rpci0b0s5r0000.ConvAna.001210_00000306.stn     22.636  2025-02-24 19:09:40  11952    1210         3    1210     41994
000001 nts.mmackenz.rpci0b0s5r0000.ConvAna.001210_00000460.stn     24.758  2025-02-24 19:19:27  13011    1210         3    1210     42000
000001 nts.mmackenz.rpci0b0s5r0000.ConvAna.001210_00000510.stn     22.012  2025-02-24 19:19:29  11584    1210         4    1210     41991
000002 nts.mmackenz.rpci0b0s5r0000.ConvAna.001210_00000762.stn     33.076  2025-02-24 19:28:45  17523    1210         4    1210     41998
000002 nts.mmackenz.rpci0b0s5r0000.ConvAna.001210_00000153.stn     32.838  2025-02-24 18:55:00  17341    1210         5    1210     41999
000002 nts.mmackenz.rpci0b0s5r0000.ConvAna.001210_00000255.stn      9.608  2025-02-24 18:54:39   5100    1210         8    1210     42000
000002 nts.mmackenz.rpci0b0s5r0000.ConvAna.001210_00000102.stn     27.762  2025-02-24 18:36:40  14684    1210         9    1210     41998
